episode,timestep,reward,length
1,53,-103.43862,53
2,188,-113.13823,135
3,249,-103.43347,61
4,308,-104.34152,59
5,383,-121.26787,75
6,440,-121.81058,57
7,481,-112.54413,41
8,531,-115.83812,50
9,578,-110.06501,47
10,626,-103.74804,48
11,684,-107.032936,58
12,818,-101.51142,134
13,2656,-282.55756,1838
14,2732,-123.53009,76
15,2809,-118.88158,77
16,2948,-120.83686,139
17,3037,-114.76819,89
18,3115,-117.42158,78
19,3218,-108.63094,103
20,3278,-106.81821,60
21,3414,-110.78622,136
22,3503,-105.69182,89
23,3583,-104.65557,80
24,3627,-108.91376,44
25,3692,-104.76125,65
26,3757,-106.21851,65
27,3850,-110.62506,93
28,3924,-106.531715,74
29,4006,-104.3099,82
30,4064,-118.69295,58
31,4172,-133.49973,108
32,4249,-101.62919,77
33,4312,-104.08943,63
34,4369,-102.99163,57
35,4428,-103.35974,59
36,4492,-102.374054,64
37,4564,-100.80759,72
38,6564,-205.2007,2000
39,6635,-105.938034,71
40,7592,-163.94308,957
41,7655,-112.33815,63
42,7746,-114.92298,91
43,7797,-106.078674,51
44,8089,-130.52245,292
45,8157,-108.65352,68
46,8218,-112.769424,61
47,8323,-120.12462,105
48,8424,-120.01681,101
49,8574,-135.00703,150
50,8638,-104.168884,64
51,8802,-117.75499,164
52,8883,-118.72579,81
53,8934,-107.037735,51
54,9011,-114.09768,77
55,9121,-123.57684,110
56,9209,-115.55705,88
57,9332,-135.77467,123
58,9492,-117.81944,160
59,9810,-133.906,318
60,9899,-128.94604,89
61,9965,-110.854706,66
62,10020,-109.96887,55
63,10125,-101.15123,105
64,10222,-114.31491,97
65,10376,-97.9628,154
66,10501,-139.80257,125
67,11011,-152.80595,510
68,11609,-171.8239,598
69,11661,-116.852516,52
70,11980,-123.71279,319
71,12133,-118.073395,153
72,12233,-131.07127,100
73,12293,-113.04335,60
74,12386,-108.565254,93
75,12485,-124.76142,99
76,12547,-114.574936,62
77,12651,-118.229774,104
78,12747,-108.124115,96
79,12809,-117.04532,62
80,12930,-120.91466,121
81,13015,-130.44873,85
82,13076,-123.242805,61
83,13382,-157.67007,306
84,13472,-123.63861,90
85,13688,-126.26689,216
86,13869,-112.07204,181
87,14237,-131.04416,368
88,14394,-117.79974,157
89,14460,-115.14178,66
90,14548,-114.87623,88
91,14601,-109.56735,53
92,14763,-106.48968,162
93,15073,-131.86519,310
94,15177,-112.02978,104
95,15480,-153.27022,303
96,15828,-153.50095,348
97,15941,-105.27298,113
98,16039,-101.796,98
99,16202,-105.04512,163
100,16271,-101.29145,69
101,16376,-124.572266,105
102,16489,-105.469185,113
103,16607,-118.01277,118
104,16728,-119.092995,121
105,16802,-117.3289,74
106,16967,-119.37267,165
107,17056,-106.5809,89
108,17116,-107.88866,60
109,17187,-116.89907,71
110,17260,-106.20119,73
111,17333,-104.10474,73
112,17428,-110.54781,95
113,17577,-109.64779,149
114,17645,-103.08702,68
115,17782,-121.276344,137
116,18178,-150.68127,396
117,18549,-157.6995,371
118,18783,-145.03802,234
119,18961,-144.27191,178
120,19350,-150.73032,389
121,19710,-137.71465,360
122,20201,-142.00525,491
123,22201,-155.20934,2000
124,24201,-148.45766,2000
125,25933,-171.23239,1732
126,26702,-137.37375,769
127,26890,-97.48958,188
128,28890,-178.27745,2000
129,29577,-131.28732,687
130,29666,-105.944374,89
131,29728,-103.46558,62
132,29800,-104.604225,72
133,29869,-107.69444,69
134,29971,-110.040634,102
135,30807,-152.08214,836
136,32807,-163.8834,2000
137,34088,-197.93713,1281
138,34359,-109.858505,271
139,36359,-182.38618,2000
140,38359,-173.93259,2000
141,40359,-162.93596,2000
142,42359,-214.69308,2000
143,42406,-126.9227,47
144,42450,-126.70103,44
145,42495,-126.88367,45
146,42539,-126.5814,44
147,42582,-126.59668,43
148,42626,-126.99875,44
149,42670,-127.188995,44
150,42714,-127.13934,44
151,42758,-127.38411,44
152,42803,-126.67359,45
153,42847,-127.26521,44
154,42891,-126.99091,44
155,42935,-126.986664,44
156,42979,-126.89759,44
157,43023,-127.18062,44
158,43067,-127.47259,44
159,43111,-127.09639,44
160,43155,-127.02167,44
161,43199,-126.825195,44
162,43243,-126.94552,44
163,43287,-126.63078,44
164,43331,-126.618805,44
165,43375,-127.1684,44
166,43419,-126.925064,44
167,43463,-127.069695,44
168,43507,-127.0831,44
169,43551,-125.86214,44
170,43595,-125.35529,44
171,43639,-127.21437,44
172,43683,-126.16007,44
173,43727,-126.71042,44
174,43771,-127.20955,44
175,43815,-127.31763,44
176,43859,-127.1914,44
177,43903,-126.53189,44
178,43947,-127.121956,44
179,43990,-126.63332,43
180,44033,-127.17103,43
181,44076,-126.20866,43
182,44120,-127.35772,44
183,44164,-127.52947,44
184,44208,-127.22435,44
185,44251,-127.234436,43
186,44295,-127.42153,44
187,44338,-125.36346,43
188,44382,-127.01105,44
189,44425,-127.17168,43
190,44470,-126.91035,45
191,44514,-127.424255,44
192,44557,-127.088394,43
193,44599,-126.65033,42
194,44644,-127.24679,45
195,44689,-121.97711,45
196,44733,-121.21485,44
197,44777,-121.58014,44
198,44819,-127.20852,42
199,44864,-122.118515,45
200,44906,-123.43192,42
201,44950,-122.204575,44
202,44992,-123.36272,42
203,45036,-120.80157,44
204,45083,-117.6151,47
205,45128,-122.50223,45
206,45173,-121.67899,45
207,45218,-122.01798,45
208,45263,-122.07628,45
209,45305,-120.64286,42
210,45349,-121.69462,44
211,45393,-120.98099,44
212,45437,-121.35634,44
213,45480,-119.53679,43
214,45525,-122.23209,45
215,45569,-121.25804,44
216,45610,-120.47807,41
217,45651,-120.306885,41
218,45695,-121.01076,44
219,45739,-120.81445,44
220,45783,-120.40999,44
221,45827,-121.34103,44
222,45869,-120.79756,42
223,45913,-120.24615,44
224,45954,-119.9136,41
225,45995,-119.65433,41
226,46035,-117.32108,40
227,46079,-120.18475,44
228,46113,-114.19593,34
229,46154,-118.28302,41
230,46194,-117.24967,40
231,46236,-117.400345,42
232,46278,-118.600174,42
233,46314,-115.913704,36
234,46358,-120.02196,44
235,46391,-113.26858,33
236,46428,-114.31834,37
237,46463,-115.18145,35
238,46500,-116.280785,37
239,46536,-116.044106,36
240,46571,-115.19024,35
241,46606,-115.47815,35
242,46649,-119.99957,43
243,46685,-116.0109,36
244,46722,-116.55339,37
245,46758,-115.9654,36
246,46792,-114.4177,34
247,46830,-116.03052,38
248,46865,-115.23535,35
249,46900,-115.45271,35
250,46934,-114.91853,34
251,46969,-115.39758,35
252,47004,-115.531235,35
253,47039,-115.06059,35
254,47074,-115.222115,35
255,47109,-115.029274,35
256,47145,-115.590485,36
257,47179,-113.274635,34
258,47213,-114.52271,34
259,47247,-114.68562,34
260,47280,-114.05083,33
261,47313,-114.0486,33
262,47347,-113.61183,34
263,47385,-117.272675,38
264,47421,-116.08278,36
265,47461,-116.80508,40
266,47498,-116.35362,37
267,47535,-116.7202,37
268,47571,-113.83509,36
269,47608,-113.80233,37
270,47646,-113.3663,38
271,47686,-116.19167,40
272,47738,-114.06224,52
273,47818,-120.45304,80
274,47927,-119.97703,109
275,47993,-115.46127,66
276,48055,-107.03334,62
277,48115,-112.26275,60
278,48169,-110.78762,54
279,48231,-110.86679,62
280,48286,-108.225006,55
281,48380,-105.54462,94
282,48434,-104.365005,54
283,48487,-104.50908,53
284,48543,-102.375244,56
285,48593,-105.12066,50
286,48638,-107.407486,45
287,48695,-104.03575,57
288,48739,-106.048965,44
289,48789,-106.33806,50
290,48903,-107.18813,114
291,48965,-106.30118,62
292,49028,-106.064804,63
293,49085,-105.122444,57
294,49136,-108.56424,51
295,49191,-109.790565,55
296,49250,-105.6159,59
297,49306,-105.51424,56
298,49368,-107.6113,62
299,49513,-109.36557,145
300,49580,-104.29248,67
301,49655,-105.822495,75
302,49713,-104.03694,58
303,49770,-104.6663,57
304,49856,-109.1946,86
305,49933,-107.491905,77
306,50027,-106.408035,94
307,50135,-107.454956,108
308,50234,-107.54657,99
309,50307,-104.89236,73
310,50567,-122.92268,260
311,50750,-113.95408,183
312,50979,-116.77438,229
313,51059,-102.86439,80
314,51294,-117.6325,235
315,51389,-102.87127,95
316,52572,-215.56232,1183
317,52663,-104.779465,91
318,52786,-109.449524,123
319,52916,-110.069275,130
320,52993,-102.45422,77
321,54993,-213.57114,2000
322,56990,-305.26083,1997
323,57067,-101.50893,77
324,57142,-105.549355,75
325,57211,-103.19514,69
326,57284,-102.41439,73
327,57353,-104.26489,69
328,57436,-108.81128,83
329,57530,-103.82558,94
330,57608,-106.696396,78
331,57698,-108.27374,90
332,57808,-110.20146,110
333,57904,-116.286156,96
334,57994,-107.74173,90
335,58089,-108.781746,95
336,58321,-121.217545,232
337,58441,-120.97002,120
338,58544,-109.31889,103
339,58638,-107.38373,94
340,58825,-133.20128,187
341,58959,-116.69241,134
342,59227,-122.41248,268
343,61227,-201.06667,2000
344,61336,-101.68158,109
345,63267,-313.0984,1931
346,63568,-152.7769,301
347,63696,-91.15733,128
348,64149,-168.26746,453
349,64254,-99.95261,105
350,64359,-98.9014,105
351,64718,-126.2968,359
352,64850,-133.28078,132
353,64946,-109.892746,96
354,65014,-107.85776,68
355,65092,-106.85995,78
356,65229,-105.40305,137
357,65840,-137.8244,611
358,65971,-107.29575,131
359,66134,-105.29623,163
360,66239,-116.09466,105
361,66426,-119.72801,187
362,66547,-109.00458,121
363,66618,-102.98249,71
364,66842,-116.94258,224
365,66928,-117.27881,86
366,67104,-118.53049,176
367,67210,-116.422455,106
368,67314,-100.50304,104
369,67498,-127.46903,184
370,67634,-113.24023,136
371,67730,-118.23099,96
372,68084,-144.4017,354
373,68362,-118.49729,278
374,69363,-198.65842,1001
375,70321,-211.4234,958
376,70436,-106.11055,115
377,70551,-103.170815,115
378,70608,-107.22958,57
379,70664,-107.947296,56
380,70727,-100.83132,63
381,71588,-203.17014,861
382,71655,-105.25855,67
383,71776,-109.81836,121
384,72926,-234.29437,1150
385,73091,-116.23843,165
386,73996,-206.86049,905
387,74064,-103.46367,68
388,74552,-115.32562,488
389,74727,-140.0582,175
390,74907,-150.47052,180
391,75004,-100.49231,97
392,75254,-112.82289,250
393,75390,-106.70172,136
394,75492,-101.0798,102
395,75770,-95.412865,278
396,75863,-124.8878,93
397,76057,-93.23547,194
398,76652,-140.05257,595
399,76835,-123.88491,183
400,77062,-106.896126,227
401,77162,-107.62392,100
402,77587,-120.01871,425
403,77856,-106.670166,269
404,77978,-135.96048,122
405,78143,-141.81825,165
406,78627,-108.75534,484
407,78967,-114.51853,340
408,80967,-202.1801,2000
409,81037,-115.37198,70
410,83037,-189.68063,2000
411,83163,-115.64131,126
412,83308,-118.23042,145
413,85308,-201.70372,2000
414,87308,-160.93024,2000
415,87498,-127.027756,190
416,87675,-124.398926,177
417,87830,-124.504486,155
418,88010,-140.69632,180
419,90010,-161.46516,2000
420,92010,-155.04109,2000
421,92146,-114.681915,136
422,92263,-110.79058,117
423,92401,-110.3811,138
424,92572,-103.16115,171
425,92735,-112.674065,163
426,92873,-116.48584,138
427,93026,-117.599236,153
428,93113,-105.62107,87
429,93320,-102.907295,207
430,94326,-196.09387,1006
431,94403,-107.66012,77
432,94519,-112.450745,116
433,95277,-120.78847,758
434,95450,-101.89532,173
435,95891,-139.8964,441
436,96675,-132.61809,784
437,96742,-115.233444,67
438,96836,-113.748055,94
439,97289,-135.88974,453
440,97384,-117.55654,95
441,97803,-138.91316,419
442,97899,-110.64717,96
443,97991,-102.876396,92
444,98089,-111.75248,98
445,98327,-118.94013,238
446,98524,-124.426994,197
447,100524,-195.13707,2000
448,100862,-110.04872,338
449,102162,-207.54889,1300
450,103621,-218.40195,1459
451,105447,-202.8706,1826
452,105882,-128.0912,435
453,106027,-117.787674,145
454,106155,-112.00338,128
455,106808,-144.5676,653
456,106912,-110.738754,104
457,106987,-112.15123,75
458,107147,-126.160774,160
459,107304,-115.53716,157
460,107640,-128.32559,336
461,108025,-113.52702,385
462,108075,-112.26673,50
463,108531,-150.96605,456
464,108582,-119.21604,51
465,108879,-108.014984,297
466,109174,-106.66452,295
467,109296,-106.4641,122
468,109344,-114.10242,48
469,109471,-114.215225,127
470,110216,-143.25648,745
471,110347,-98.6361,131
472,111026,-136.14624,679
473,111108,-122.21692,82
474,111816,-112.126945,708
475,112175,-107.87266,359
476,112628,-118.46159,453
477,113054,-116.74548,426
478,113337,-131.16939,283
479,113939,-160.32294,602
480,114289,-111.55869,350
481,114519,-114.66378,230
482,114675,-120.995285,156
483,115383,-133.59306,708
484,115527,-125.78528,144
485,115694,-114.2611,167
486,115927,-102.14288,233
487,116598,-159.27475,671
488,116926,-120.4346,328
489,117153,-99.966965,227
490,117479,-115.538376,326
491,117625,-119.24845,146
492,118001,-119.23349,376
493,118175,-114.93775,174
494,118450,-123.0917,275
495,119680,-136.16516,1230
496,120480,-126.041794,800
497,121128,-141.53336,648
498,121358,-117.296974,230
499,121515,-119.24939,157
500,122027,-135.85863,512
501,122185,-110.38014,158
502,122588,-116.971794,403
503,122692,-110.993675,104
504,122750,-123.00905,58
505,122800,-115.701866,50
506,122904,-115.64516,104
507,122960,-110.00116,56
508,123912,-133.94273,952
509,124448,-158.69598,536
510,124765,-131.3833,317
511,124834,-111.648346,69
512,124906,-107.43298,72
513,125165,-121.456665,259
514,125242,-108.70819,77
515,125316,-102.73875,74
516,125389,-104.98762,73
517,125459,-106.4406,70
518,125591,-131.9076,132
519,125679,-119.14157,88
520,125982,-152.48605,303
521,126036,-117.05296,54
522,126168,-115.761856,132
523,126232,-121.75564,64
524,128232,-147.51598,2000
525,128765,-165.12338,533
526,129491,-151.19498,726
527,129710,-123.52408,219
528,129975,-106.1883,265
529,131975,-188.15564,2000
530,133189,-148.2991,1214
531,133499,-109.007645,310
532,134321,-101.39229,822
533,134887,-133.79926,566
534,136673,-241.91997,1786
535,137260,-136.94847,587
536,137642,-133.29886,382
537,137701,-107.623924,59
538,137858,-129.44785,157
539,138223,-134.62842,365
540,138511,-109.4763,288
541,138589,-102.40519,78
542,139138,-134.91864,549
543,139451,-153.10098,313
544,139802,-113.84419,351
545,140007,-96.07002,205
546,140104,-121.43134,97
547,140369,-113.141655,265
548,140709,-123.528564,340
549,140852,-96.345894,143
550,140943,-123.559784,91
551,141274,-95.90056,331
552,141497,-107.79805,223
553,141985,-131.79706,488
554,142265,-87.44995,280
555,142503,-120.59242,238
556,142609,-116.29155,106
557,142896,-79.81073,287
558,143046,-99.818535,150
559,143187,-88.416794,141
560,143356,-93.482834,169
561,143504,-96.35415,148
562,143591,-109.41135,87
563,143715,-111.34599,124
564,143909,-97.68725,194
565,144047,-106.78384,138
566,144247,-98.69393,200
567,144447,-91.945076,200
568,144922,-76.86815,475
569,145205,-119.84778,283
570,145431,-110.68718,226
571,145483,-120.20743,52
572,145819,-152.9198,336
573,145931,-106.27955,112
574,146421,-81.54329,490
575,146669,-102.214615,248
576,146928,-100.1118,259
577,147154,-106.74302,226
578,147478,-155.60957,324
579,147650,-119.24175,172
580,147940,-133.65115,290
581,148163,-132.8693,223
582,148614,-135.53058,451
583,148702,-120.76742,88
584,148790,-114.31648,88
585,149275,-169.6592,485
586,149364,-120.442795,89
587,149445,-106.84437,81
588,149543,-121.288795,98
589,149752,-115.67054,209
590,149967,-118.49977,215
591,150442,-114.14726,475
592,150862,-166.69705,420
593,151105,-137.40306,243
594,151227,-130.12738,122
595,151367,-143.77939,140
596,151549,-131.35478,182
597,152007,-150.60841,458
598,152310,-129.84015,303
599,152754,-120.16908,444
600,153170,-168.03824,416
601,153312,-126.736824,142
602,153452,-128.80199,140
603,153744,-138.82106,292
604,154010,-105.57657,266
605,154367,-115.8551,357
606,155217,-81.287,850
607,155803,-141.38452,586
608,155884,-105.648186,81
609,156077,-145.71335,193
610,156752,-147.69899,675
611,157365,-138.16885,613
612,159365,-138.78238,2000
613,159841,-131.43178,476
614,160173,-142.43796,332
615,160772,-138.97807,599
616,162772,-182.39189,2000
617,163312,-131.78053,540
618,163484,-94.65378,172
619,165484,-179.03688,2000
620,166703,-205.90741,1219
621,168483,-266.6989,1780
622,169921,-170.99005,1438
623,170109,-103.88107,188
624,170487,-90.64724,378
625,170559,-113.538055,72
626,170802,-100.49228,243
627,170899,-106.44345,97
628,171314,-86.38386,415
629,171373,-102.735214,59
630,171695,-111.35323,322
631,171817,-103.64469,122
632,171973,-110.027534,156
633,172113,-108.63649,140
634,172372,-106.66852,259
635,172494,-115.46565,122
636,172673,-106.15553,179
637,172938,-113.55158,265
638,173225,-102.99481,287
639,173515,-105.06474,290
640,173660,-104.16404,145
641,173797,-100.812096,137
642,173975,-101.48031,178
643,174312,-106.50532,337
644,174624,-111.8966,312
645,174907,-116.8074,283
646,175108,-102.69664,201
647,175309,-85.73571,201
648,175565,-108.43257,256
649,175668,-94.34459,103
650,175828,-102.07596,160
651,176434,-137.09695,606
652,176728,-112.627754,294
653,177366,-140.80731,638
654,177646,-110.42979,280
655,177784,-102.139244,138
656,178086,-95.05057,302
657,178312,-100.2234,226
658,178409,-105.3176,97
659,178513,-109.13783,104
660,178781,-101.43649,268
661,179657,-116.968735,876
662,180605,-101.133316,948
663,180860,-104.18777,255
664,181068,-93.71631,208
665,181423,-114.714066,355
666,181707,-90.67536,284
667,182002,-118.77726,295
668,182297,-100.350395,295
669,182646,-114.47719,349
670,182721,-114.854996,75
671,183599,-118.87386,878
672,183676,-99.54808,77
673,183873,-98.88462,197
674,184160,-101.99047,287
675,184336,-97.487785,176
676,184696,-100.56851,360
677,184932,-110.227005,236
678,185248,-98.21538,316
679,187248,-74.53716,2000
680,187704,-100.388824,456
681,188010,-108.1193,306
682,190010,-135.45847,2000
683,190085,-102.26684,75
684,190365,-103.797745,280
685,192365,-111.86528,2000
686,192924,-118.459335,559
687,193348,-113.29798,424
688,193607,-100.84172,259
689,193860,-109.04767,253
690,194114,-101.57776,254
691,194663,-162.70276,549
692,194904,-112.90277,241
693,196904,-86.40145,2000
694,196959,-114.81603,55
695,197472,-123.4812,513
696,197706,-88.07173,234
697,198049,-112.399734,343
698,198164,-108.17618,115
699,200164,-191.15877,2000
700,200308,-93.553734,144
701,200364,-105.29181,56
702,200417,-105.04574,53
703,200866,-58.877514,449
704,200938,-105.74249,72
705,201410,-155.246,472
706,201470,-105.34233,60
707,201553,-102.469376,83
708,201617,-105.62994,64
709,201932,-109.519844,315
710,202177,-86.975235,245
711,202258,-103.13698,81
712,202425,-127.51918,167
713,202495,-101.3708,70
714,202765,-132.34053,270
715,202829,-105.158875,64
716,202901,-100.71423,72
717,202968,-101.954765,67
718,204968,-166.53035,2000
719,205410,-114.19305,442
720,205624,-105.00055,214
721,205822,-139.97589,198
722,206022,-120.92995,200
723,206142,-98.35104,120
724,206316,-110.47545,174
725,206441,-101.54092,125
726,206513,-116.5648,72
727,206579,-109.70666,66
728,206710,-112.45496,131
729,206867,-112.39035,157
730,207060,-116.78849,193
731,207217,-130.91249,157
732,207340,-109.33866,123
733,207469,-116.88886,129
734,207689,-123.02171,220
735,208233,-182.17114,544
736,208564,-159.6173,331
737,208905,-138.30911,341
738,208951,-123.426445,46
739,208997,-122.84644,46
740,209042,-123.42776,45
741,209087,-124.08722,45
742,209132,-123.90687,45
743,209188,-108.055145,56
744,209236,-122.435234,48
745,209282,-122.94623,46
746,209328,-118.05057,46
747,209460,-110.15517,132
748,209509,-114.61826,49
749,209606,-105.38203,97
750,209936,-149.0475,330
751,210165,-139.48563,229
752,210403,-144.73628,238
753,210572,-129.55304,169
754,210762,-130.6496,190
755,210929,-110.21658,167
756,211132,-149.43784,203
757,211578,-115.91643,446
758,211930,-102.58356,352
759,211981,-106.25905,51
760,212037,-104.82272,56
761,214037,-229.28789,2000
762,216037,-215.77103,2000
763,218037,-216.97632,2000
764,218375,-147.82576,338
765,218613,-111.02211,238
766,218872,-140.34938,259
767,219742,-199.78845,870
768,220116,-145.34741,374
769,220243,-112.47398,127
770,222243,-143.68867,2000
771,222304,-108.943344,61
772,222737,-114.29316,433
773,223423,-122.79135,686
774,223510,-97.241005,87
775,223598,-96.94205,88
776,224102,-161.56693,504
777,224166,-117.94209,64
778,224260,-99.62144,94
779,224329,-120.040634,69
780,224636,-98.970955,307
781,224702,-117.92895,66
782,224767,-119.691124,65
783,224970,-88.94805,203
784,225167,-106.04637,197
785,225691,-120.30649,524
786,225952,-93.295364,261
787,226330,-83.93579,378
788,226589,-100.827385,259
789,226803,-94.584946,214
790,227256,-128.09741,453
791,227670,-119.691666,414
792,227775,-96.10464,105
793,228002,-90.58596,227
794,228921,-163.08194,919
795,229104,-99.62667,183
796,229487,-92.76432,383
797,229786,-101.440704,299
798,230079,-102.55316,293
799,230445,-106.688385,366
800,230800,-113.8604,355
801,231019,-98.89344,219
802,231539,-121.890976,520
803,232203,-155.04033,664
804,232459,-102.70153,256
805,232812,-99.62373,353
806,233580,-92.68126,768
807,233814,-102.78498,234
808,234168,-109.942696,354
809,234453,-101.22848,285
810,234730,-103.041306,277
811,236730,-73.80593,2000
812,237175,-121.420135,445
813,237328,-104.77964,153
814,237801,-148.96942,473
815,238166,-131.1949,365
816,238340,-100.32385,174
817,238584,-111.850334,244
818,238885,-91.898476,301
819,239378,-118.07857,493
820,239533,-93.31848,155
821,239844,-92.963425,311
822,240306,-107.60753,462
823,240448,-83.76972,142
824,240958,-122.602715,510
825,241047,-112.20378,89
826,241277,-128.94698,230
827,241495,-94.45186,218
828,241766,-95.850464,271
829,242202,-78.37698,436
830,242339,-115.77148,137
831,242477,-112.90049,138
832,242828,-114.540276,351
833,243269,-104.99124,441
834,243480,-84.21929,211
835,243699,-89.43145,219
836,243818,-85.76036,119
837,244429,-118.92132,611
838,244995,-180.9665,566
839,245128,-93.63551,133
840,245372,-80.24186,244
841,245549,-84.15477,177
842,245773,-95.92522,224
843,246328,-97.25489,555
844,246532,-98.23333,204
845,246714,-76.43338,182
846,248714,-217.45938,2000
847,249005,-118.153564,291
848,249646,-120.74656,641
849,250010,-120.42096,364
850,250767,-142.86108,757
851,250905,-110.29485,138
852,251710,-136.13657,805
853,252061,-140.24574,351
854,252224,-99.157776,163
855,252798,-129.37338,574
856,252950,-107.94018,152
857,253622,-151.01773,672
858,253797,-143.47864,175
859,253959,-113.57687,162
860,254182,-119.46378,223
861,254439,-121.028755,257
862,254685,-102.03656,246
863,254934,-132.42271,249
864,256571,-191.10806,1637
865,256891,-94.40933,320
866,257293,-116.04773,402
867,257675,-83.15012,382
868,257858,-130.24565,183
869,258643,-71.17355,785
870,258932,-105.93867,289
871,259364,-108.483864,432
872,260143,-119.94235,779
873,260720,-68.098976,577
874,260894,-92.22003,174
875,262684,-200.18033,1790
876,263677,-174.19379,993
877,265677,-192.66165,2000
878,267677,-163.75677,2000
879,268639,-119.68923,962
880,268928,-106.89108,289
881,269265,-128.61987,337
882,271265,-172.5629,2000
883,271629,-154.72946,364
884,272149,-118.85655,520
885,272716,-169.8854,567
886,273031,-143.2832,315
887,274366,-243.44188,1335
888,274619,-126.0865,253
889,276619,-186.68065,2000
890,278619,-184.99474,2000
891,280289,-244.03464,1670
892,280768,-135.60167,479
893,281103,-137.85071,335
894,281732,-122.10002,629
895,282015,-128.98502,283
896,283035,-167.97305,1020
897,285035,-195.52472,2000
898,285208,-130.67525,173
899,285386,-113.91664,178
900,285637,-113.551834,251
901,285800,-116.56356,163
902,286264,-147.90163,464
903,286562,-87.12221,298
904,286653,-98.255325,91
905,288653,-201.31294,2000
906,289284,-165.88518,631
907,289407,-128.61043,123
908,289931,-98.59118,524
909,290115,-97.55496,184
910,290631,-150.88759,516
911,290756,-108.71721,125
912,290824,-100.81882,68
913,292824,-179.79736,2000
914,292874,-101.23285,50
915,292924,-107.00799,50
916,293102,-123.41266,178
917,293266,-90.75846,164
918,293444,-123.34879,178
919,293530,-108.27755,86
920,293633,-101.805534,103
921,294364,-173.90143,731
922,294458,-110.2841,94
923,294558,-104.22781,100
924,294666,-91.304474,108
925,294734,-105.73996,68
926,294854,-122.65007,120
927,295190,-105.340256,336
928,295308,-88.96877,118
929,295606,-107.76677,298
930,295915,-98.610085,309
931,296004,-95.93926,89
932,296067,-104.37082,63
933,296296,-98.007835,229
934,296378,-103.66964,82
935,296610,-66.28507,232
936,296792,-93.824684,182
937,296853,-103.89962,61
938,296908,-106.320335,55
939,297041,-98.25817,133
940,297144,-110.43856,103
941,297210,-107.23447,66
942,297363,-115.81833,153
943,297874,-110.56542,511
944,298404,-128.81248,530
945,298554,-128.27432,150
946,298644,-123.74688,90
947,298945,-127.19182,301
948,299394,-145.50166,449
949,301394,-178.46835,2000
950,301687,-153.5765,293
951,301956,-151.47424,269
952,302214,-152.0426,258
953,302482,-122.3548,268
954,304349,-320.00555,1867
955,305541,-244.98201,1192
956,305881,-157.11505,340
957,306574,-191.99405,693
958,306907,-155.94084,333
959,307332,-139.1735,425
960,307539,-140.11575,207
961,308334,-192.987,795
962,308734,-172.56287,400
963,308973,-148.8775,239
964,309514,-179.68575,541
965,310375,-179.0116,861
966,310864,-105.056335,489
967,311152,-94.46672,288
968,311800,-143.74686,648
969,311977,-139.2771,177
970,312238,-121.52475,261
971,312334,-109.605125,96
972,312437,-105.831955,103
973,312635,-128.1944,198
974,312767,-94.374756,132
975,312961,-111.71566,194
976,313531,-143.62592,570
977,313932,-100.10987,401
978,314418,-110.176414,486
979,314636,-78.221016,218
980,314771,-87.56852,135
981,315073,-108.78161,302
982,315481,-71.839745,408
983,315674,-90.14209,193
984,316196,-98.132484,522
985,316532,-108.771675,336
986,316710,-85.913216,178
987,316966,-81.91871,256
988,317314,-118.0148,348
989,319314,-163.78543,2000
990,320679,-84.94595,1365
991,320885,-101.251144,206
992,321295,-68.86891,410
993,321767,-133.32861,472
994,322876,-156.59987,1109
995,323174,-111.38053,298
996,323322,-94.230125,148
997,323527,-91.54597,205
998,323717,-99.01374,190
999,324611,-122.39193,894
1000,324728,-133.55109,117
1001,324921,-103.33973,193
1002,325058,-114.783066,137
1003,325236,-122.86192,178
1004,325389,-109.37641,153
1005,325724,-112.391045,335
1006,326448,-61.440445,724
1007,326662,-87.00265,214
1008,326787,-92.81737,125
1009,327243,-121.709915,456
1010,327516,-96.550255,273
1011,327804,-106.97877,288
1012,327889,-101.00199,85
1013,328141,-97.65373,252
1014,328518,-116.76271,377
1015,328759,-119.14554,241
1016,328976,-147.38701,217
1017,329183,-91.179596,207
1018,329916,-71.97741,733
1019,330276,-62.127014,360
1020,330635,-98.37587,359
1021,330911,-101.22141,276
1022,331041,-94.1312,130
1023,331250,-91.36867,209
1024,331499,-90.632965,249
1025,331699,-98.543495,200
1026,332110,-120.26368,411
1027,332252,-113.29928,142
1028,332577,-90.18807,325
1029,332700,-108.42096,123
1030,333134,-128.24925,434
1031,333339,-88.815186,205
1032,333624,-106.778915,285
1033,333991,-93.761086,367
1034,334253,-112.520195,262
1035,334476,-94.663246,223
1036,334747,-114.665245,271
1037,335009,-98.69631,262
1038,335446,-81.60972,437
1039,335918,-117.08473,472
1040,336145,-97.430725,227
1041,336338,-107.62476,193
1042,336811,-78.44487,473
1043,336992,-98.63263,181
1044,337185,-100.83675,193
1045,337461,-104.52553,276
1046,337703,-100.08108,242
1047,337996,-106.24284,293
1048,338384,-96.15544,388
1049,338725,-112.9582,341
1050,338935,-98.36396,210
1051,339373,-108.42323,438
1052,339804,-112.07386,431
1053,340288,-124.700874,484
1054,340592,-95.53699,304
1055,340850,-116.96154,258
1056,341574,-151.6406,724
1057,342519,-161.95993,945
1058,342703,-105.47652,184
1059,342953,-106.99294,250
1060,343347,-113.704506,394
1061,345347,-201.12933,2000
1062,346862,-218.2174,1515
1063,348862,-195.02208,2000
1064,350862,-224.72453,2000
1065,352862,-222.05002,2000
1066,353350,-185.99326,488
1067,353752,-114.70168,402
1068,354041,-104.65018,289
1069,354272,-107.085434,231
1070,354610,-93.827995,338
1071,355046,-124.49441,436
1072,355485,-115.13505,439
1073,356050,-140.12338,565
1074,356428,-107.173294,378
1075,356876,-122.41513,448
1076,357100,-91.125595,224
1077,359100,-171.20557,2000
1078,359299,-98.89206,199
1079,359522,-100.20812,223
1080,360031,-95.16205,509
1081,360305,-108.77212,274
1082,360506,-140.18655,201
1083,360683,-100.42054,177
1084,361216,-125.13546,533
1085,361478,-104.124435,262
1086,362413,-176.50195,935
1087,362500,-110.305824,87
1088,362924,-131.00891,424
1089,363015,-124.464966,91
1090,363119,-104.45136,104
1091,363300,-111.78165,181
1092,363756,-123.599594,456
1093,363880,-99.61783,124
1094,364043,-90.0654,163
1095,364139,-115.15734,96
1096,364241,-113.515175,102
1097,364407,-103.26921,166
1098,364580,-109.574585,173
1099,364987,-132.36557,407
1100,365414,-114.54758,427
1101,365651,-115.27208,237
1102,367651,-210.0546,2000
1103,367718,-112.28207,67
1104,367780,-114.3566,62
1105,368239,-148.30836,459
1106,368415,-97.27824,176
1107,368595,-110.925255,180
1108,368929,-129.41724,334
1109,369297,-135.45291,368
1110,370591,-249.07127,1294
1111,370650,-105.86552,59
1112,372650,-196.10544,2000
1113,372711,-101.60058,61
1114,372803,-99.402245,92
1115,373079,-93.61153,276
1116,373141,-101.24176,62
1117,373220,-106.37037,79
1118,375220,-192.65059,2000
1119,375299,-104.07918,79
1120,375379,-118.58896,80
1121,375448,-104.68054,69
1122,375522,-107.29728,74
1123,377134,-250.41356,1612
1124,377229,-97.12538,95
1125,377307,-99.067825,78
1126,377382,-107.604065,75
1127,377498,-102.56576,116
1128,377591,-115.43063,93
1129,377727,-113.69886,136
1130,378319,-177.15485,592
1131,378712,-161.98424,393
1132,379015,-131.66821,303
1133,380238,-194.57312,1223
1134,381003,-166.03119,765
1135,381368,-104.11182,365
1136,381964,-187.71011,596
1137,383518,-129.25368,1554
1138,383654,-118.708755,136
1139,384050,-134.36835,396
1140,384507,-125.42236,457
1141,385090,-124.22838,583
1142,385640,-135.67458,550
1143,385925,-105.84324,285
1144,386114,-104.01307,189
1145,386721,-96.34705,607
1146,387740,-151.7511,1019
1147,387840,-103.92962,100
1148,388077,-90.45478,237
1149,388350,-85.949875,273
1150,388421,-107.20278,71
1151,389384,-172.98083,963
1152,389799,-119.34571,415
1153,390341,-94.391266,542
1154,390709,-104.77006,368
1155,390964,-92.132904,255
1156,391086,-113.27848,122
1157,391246,-86.70682,160
1158,391336,-95.44302,90
1159,391629,-100.272316,293
1160,392110,-123.53679,481
1161,392629,-120.69582,519
1162,392874,-102.86188,245
1163,393297,-128.12471,423
1164,394482,-211.3508,1185
1165,394750,-105.71706,268
1166,395071,-108.380714,321
1167,397071,-191.95876,2000
1168,397321,-144.85266,250
1169,397553,-128.38763,232
1170,399553,-206.7211,2000
1171,401553,-204.9048,2000
1172,403553,-209.09235,2000
1173,405491,-281.5967,1938
1174,406356,-168.90848,865
1175,407139,-170.00279,783
1176,407631,-122.42161,492
1177,408048,-116.503525,417
1178,408280,-128.06142,232
1179,408553,-117.34602,273
1180,408754,-123.080086,201
1181,409096,-94.18671,342
1182,409543,-122.72154,447
1183,409996,-142.00673,453
1184,410589,-112.73459,593
1185,410839,-112.6429,250
1186,411496,-147.24625,657
1187,411788,-89.521774,292
1188,412028,-106.6333,240
1189,412141,-125.49804,113
1190,412505,-112.31978,364
1191,412765,-90.90556,260
1192,413019,-99.55403,254
1193,413076,-113.629974,57
1194,413165,-116.4725,89
1195,413524,-117.85104,359
1196,414077,-107.50004,553
1197,414442,-100.706604,365
1198,414745,-77.29826,303
1199,414930,-97.46652,185
1200,415083,-88.921684,153
1201,415148,-117.85392,65
1202,415499,-70.870926,351
1203,415555,-113.922676,56
1204,415908,-89.077614,353
1205,417153,-210.30905,1245
1206,419153,-114.08539,2000
1207,419262,-103.4613,109
1208,419790,-55.253826,528
1209,420219,-121.879845,429
1210,421721,-240.9427,1502
1211,421855,-118.80261,134
1212,421961,-94.97646,106
1213,422064,-101.90908,103
1214,422361,-100.665504,297
1215,422608,-108.62751,247
1216,423596,-150.94075,988
1217,423677,-100.98751,81
1218,424102,-62.65373,425
1219,424354,-102.56818,252
1220,424572,-97.45546,218
1221,424836,-101.77314,264
1222,425167,-109.4757,331
1223,425665,-84.34435,498
1224,425867,-141.90451,202
1225,426118,-102.9722,251
1226,426464,-111.0968,346
1227,426911,-116.3857,447
1228,427196,-94.51547,285
1229,427372,-89.63288,176
1230,427873,-68.76531,501
1231,428112,-116.41501,239
1232,428594,-69.09673,482
1233,428920,-116.373375,326
1234,429146,-100.25106,226
1235,429949,-146.98788,803
1236,430283,-99.74104,334
1237,430663,-85.264824,380
1238,430747,-100.304276,84
1239,430898,-115.1224,151
1240,431180,-102.12004,282
1241,431528,-89.2542,348
1242,431757,-100.20565,229
1243,432616,-113.57755,859
1244,433037,-95.211334,421
1245,433278,-100.33168,241
1246,433470,-95.6106,192
1247,433605,-102.553215,135
1248,433808,-97.61423,203
1249,433919,-111.71763,111
1250,434018,-108.87466,99
1251,436018,-201.05254,2000
1252,438018,-199.54251,2000
1253,440018,-152.48677,2000
1254,440411,-117.335434,393
1255,440759,-163.27481,348
1256,441130,-166.9468,371
1257,442590,-276.9301,1460
1258,443928,-264.08463,1338
1259,445204,-255.37007,1276
1260,446224,-228.07465,1020
1261,446924,-195.22237,700
1262,447165,-148.09868,241
1263,449165,-221.74835,2000
1264,449725,-137.00897,560
1265,450581,-166.89514,856
1266,451333,-166.25345,752
1267,451628,-97.57219,295
1268,453628,-216.71893,2000
1269,453707,-122.392044,79
1270,453790,-122.461716,83
1271,453984,-145.5611,194
1272,454157,-127.84637,173
1273,454436,-104.34238,279
1274,454628,-143.53262,192
1275,454753,-99.678635,125
1276,455668,-193.37961,915
1277,455979,-155.7245,311
1278,456182,-144.812,203
1279,457749,-234.44421,1567
1280,458299,-90.57977,550
1281,458593,-88.69879,294
1282,460593,-184.59521,2000
1283,460980,-113.737274,387
1284,462980,-134.20883,2000
1285,464980,-155.79329,2000
1286,466459,-188.56549,1479
1287,466834,-98.30423,375
1288,468834,-151.1564,2000
1289,469288,-125.3038,454
1290,469646,-122.68994,358
1291,469971,-111.87379,325
1292,470588,-138.86829,617
1293,470894,-111.01532,306
1294,471229,-112.14179,335
1295,473229,-198.61565,2000
1296,474744,-285.03418,1515
1297,474808,-121.70306,64
1298,475391,-183.29633,583
1299,475445,-119.5982,54
1300,475523,-123.51402,78
1301,475923,-165.86456,400
1302,476193,-151.04822,270
1303,477324,-242.06416,1131
1304,477553,-103.64771,229
1305,478035,-122.24862,482
1306,479014,-174.38129,979
1307,481014,-218.12033,2000
1308,482103,-237.48749,1089
1309,483158,-175.0563,1055
1310,484000,-157.43907,842
1311,485041,-160.21542,1041
1312,487041,-183.48036,2000
1313,488546,-279.714,1505
1314,489452,-214.49481,906
1315,489823,-160.38194,371
1316,491005,-242.84738,1182
1317,491799,-153.85387,794
1318,492231,-171.63193,432
1319,492537,-154.73949,306
1320,492997,-154.33746,460
1321,493535,-178.6705,538
1322,493821,-153.45026,286
1323,494236,-166.54173,415
1324,495291,-226.2809,1055
1325,496124,-206.30396,833
1326,498124,-197.3524,2000
1327,498816,-192.97562,692
1328,498896,-121.32951,80
1329,500386,-228.58209,1490
1330,500587,-129.46402,201
1331,500798,-120.01569,211
1332,501059,-104.352005,261
1333,501662,-146.45967,603
1334,502185,-133.27124,523
1335,502778,-141.32361,593
1336,503926,-166.68253,1148
1337,504982,-195.50418,1056
1338,505106,-136.84645,124
1339,505728,-151.80458,622
1340,507728,-197.41133,2000
1341,507850,-112.81751,122
1342,509107,-184.7702,1257
1343,510326,-127.848946,1219
1344,510537,-133.76099,211
1345,512537,-186.26668,2000
1346,512879,-112.89187,342
1347,513330,-126.8291,451
1348,513459,-93.25059,129
1349,513571,-95.15139,112
1350,514371,-161.3792,800
1351,514766,-121.94265,395
1352,516766,-143.02585,2000
1353,517006,-108.84341,240
1354,517561,-83.96319,555
1355,517740,-90.95899,179
1356,517895,-91.65465,155
1357,518839,-147.77936,944
1358,519032,-98.99391,193
1359,519242,-109.543564,210
1360,519742,-99.04074,500
1361,519990,-108.53539,248
1362,520740,-87.77345,750
1363,521057,-131.44977,317
1364,521302,-64.089066,245
1365,523025,-191.10138,1723
1366,523306,-81.4839,281
1367,523480,-96.43718,174
1368,524481,-179.2962,1001
1369,526481,-177.7884,2000
1370,528481,-152.32393,2000
1371,528531,-120.17351,50
1372,528694,-87.59271,163
1373,529075,-72.56777,381
1374,529174,-112.09233,99
1375,529266,-103.25165,92
1376,529405,-108.466515,139
1377,529452,-113.890335,47
1378,529528,-108.73531,76
1379,529983,-145.02457,455
1380,530045,-109.25573,62
1381,530159,-114.81531,114
1382,530238,-111.197975,79
1383,530333,-109.86583,95
1384,531219,-159.51396,886
1385,531307,-101.051056,88
1386,531417,-107.20288,110
1387,531500,-101.83239,83
1388,531834,-43.616467,334
1389,531971,-90.375656,137
1390,532095,-103.00942,124
1391,532279,-98.34254,184
1392,532529,-105.25755,250
1393,532600,-112.39669,71
1394,532660,-115.089966,60
1395,532810,-107.822174,150
1396,532926,-96.67181,116
1397,533092,-91.57576,166
1398,534550,-130.56042,1458
1399,534796,-100.06584,246
1400,534944,-88.004814,148
1401,535001,-118.087776,57
1402,535251,-109.936264,250
1403,535528,-110.340126,277
1404,535976,-124.05989,448
1405,537976,-169.67159,2000
1406,538194,-101.32157,218
1407,540194,-154.13542,2000
1408,540350,-85.71699,156
1409,540502,-92.93204,152
1410,540766,-112.472115,264
1411,540815,-118.905106,49
1412,541028,-91.83431,213
1413,541317,-108.83304,289
1414,541429,-97.99123,112
1415,541615,-96.85432,186
1416,541692,-113.61931,77
1417,542625,-100.29205,933
1418,543107,-127.89238,482
1419,543261,-94.71018,154
1420,543313,-124.1051,52
1421,543588,-88.30831,275
1422,543865,-98.90766,277
1423,544252,-66.4558,387
1424,544847,-72.365234,595
1425,544931,-119.93117,84
1426,545037,-106.22613,106
1427,545277,-108.49178,240
1428,545751,-128.78433,474
1429,546378,-123.13391,627
1430,548378,-185.10968,2000
1431,548934,-112.642715,556
1432,549316,-146.80125,382
1433,549582,-94.85624,266
1434,550263,-171.14555,681
1435,550567,-116.53222,304
1436,551433,-167.78262,866
1437,551902,-170.57797,469
1438,552251,-102.74828,349
1439,552628,-109.60335,377
1440,554628,-125.68764,2000
1441,555050,-128.8836,422
1442,557050,-129.46513,2000
1443,557290,-101.04757,240
1444,558233,-175.81921,943
1445,560233,-189.96094,2000
1446,560939,-150.42705,706
1447,561852,-161.66512,913
1448,562610,-203.91476,758
1449,563059,-136.15195,449
1450,563657,-134.66264,598
1451,563911,-105.71544,254
1452,564360,-146.4906,449
1453,565355,-215.0425,995
1454,566313,-223.46426,958
1455,566917,-169.7674,604
1456,567048,-117.406746,131
1457,567314,-135.49059,266
1458,568834,-273.8581,1520
1459,569015,-119.82485,181
1460,569471,-149.77588,456
1461,569562,-119.0058,91
1462,570269,-151.78929,707
1463,570400,-115.014465,131
1464,570526,-102.019295,126
1465,570693,-140.832,167
1466,570867,-142.91772,174
1467,571096,-104.04883,229
1468,571267,-138.10077,171
1469,571385,-129.9587,118
1470,571662,-127.678894,277
1471,572566,-188.771,904
1472,572717,-117.03429,151
1473,573523,-162.53973,806
1474,573889,-139.92546,366
1475,574120,-122.95767,231
1476,574480,-122.858444,360
1477,574751,-128.26088,271
1478,574910,-114.81626,159
1479,575330,-136.7255,420
1480,575662,-134.98367,332
1481,575945,-85.69395,283
1482,576324,-100.68963,379
1483,578324,-156.68628,2000
1484,579567,-197.11346,1243
1485,579950,-114.30134,383
1486,580157,-102.76099,207
1487,582157,-144.31898,2000
1488,582319,-106.73191,162
1489,584319,-77.48936,2000
1490,585635,-125.85133,1316
1491,586204,-143.98793,569
1492,588204,-201.4465,2000
1493,590204,-202.56238,2000
1494,590558,-149.14981,354
1495,592558,-146.20953,2000
1496,593238,-152.77237,680
1497,593565,-129.20804,327
1498,595565,-134.58752,2000
1499,596204,-137.48836,639
1500,596514,-112.33192,310
1501,598514,-107.7136,2000
1502,600514,-199.3408,2000
1503,601148,-147.04898,634
1504,601615,-124.47343,467
1505,601948,-113.04398,333
1506,603948,-173.45398,2000
1507,604415,-104.46596,467
1508,604569,-88.24151,154
1509,606569,-185.19102,2000
1510,606872,-104.35418,303
1511,607097,-135.61284,225
1512,609097,-171.76886,2000
1513,610563,-220.07628,1466
1514,610786,-95.52246,223
1515,611427,-143.8615,641
1516,613031,-241.86768,1604
1517,614481,-255.18192,1450
1518,616481,-209.141,2000
1519,617207,-153.56534,726
1520,617978,-164.91049,771
1521,619156,-142.84024,1178
1522,621156,-206.8939,2000
1523,621432,-141.38264,276
1524,621889,-150.23526,457
1525,622538,-187.51178,649
1526,623820,-253.36176,1282
1527,625820,-187.28885,2000
1528,626399,-140.19492,579
1529,626933,-179.88106,534
1530,627117,-125.82719,184
1531,628395,-216.6885,1278
1532,629195,-135.46361,800
1533,631195,-188.98863,2000
1534,633195,-151.86142,2000
1535,635195,-197.70001,2000
1536,635485,-103.97178,290
1537,636041,-132.95486,556
1538,636243,-118.807396,202
1539,637953,-214.75853,1710
1540,638284,-114.41616,331
1541,639299,-140.51443,1015
1542,639652,-116.568634,353
1543,640126,-157.26514,474
1544,642126,-196.22511,2000
1545,642340,-117.284744,214
1546,644340,-160.28448,2000
1547,645178,-116.1845,838
1548,645584,-118.13774,406
1549,647067,-235.88075,1483
1550,647269,-110.424614,202
1551,647493,-113.71061,224
1552,647813,-121.877975,320
1553,648368,-156.26515,555
1554,648615,-109.813614,247
1555,648866,-101.73125,251
1556,649220,-106.049545,354
1557,649479,-133.6813,259
1558,650245,-185.13278,766
1559,650484,-111.818405,239
1560,650645,-99.65217,161
1561,651081,-116.15776,436
1562,651232,-114.72251,151
1563,651409,-104.68064,177
1564,651688,-109.17888,279
1565,651855,-109.44331,167
1566,652594,-135.7099,739
1567,652912,-77.760216,318
1568,653251,-126.75726,339
1569,653656,-130.4039,405
1570,655656,-146.0652,2000
1571,656116,-123.897675,460
1572,656508,-107.407875,392
1573,658508,-198.58336,2000
1574,659007,-133.50595,499
1575,659539,-109.398094,532
1576,660033,-125.241356,494
1577,660215,-134.14879,182
1578,660461,-95.21358,246
1579,660632,-102.36955,171
1580,660713,-115.291466,81
1581,660903,-105.06839,190
1582,661696,-164.93712,793
1583,661898,-94.49135,202
1584,662549,-109.67413,651
1585,664549,-188.11296,2000
1586,664847,-143.92691,298
1587,665099,-98.72696,252
1588,665328,-96.25425,229
1589,665804,-123.84563,476
1590,665945,-90.66458,141
1591,666458,-76.2741,513
1592,666564,-113.38216,106
1593,666816,-95.681,252
1594,667589,-192.52557,773
1595,667662,-108.954475,73
1596,669662,-190.89543,2000
1597,669724,-109.38644,62
1598,669798,-109.36155,74
1599,669907,-112.39045,109
1600,670101,-94.360016,194
1601,670832,-179.29529,731
1602,670893,-109.14941,61
1603,670955,-110.1828,62
1604,671016,-109.47761,61
1605,671091,-110.893974,75
1606,672277,-225.10268,1186
1607,672569,-78.26105,292
1608,672938,-152.61826,369
1609,673281,-118.92195,343
1610,673937,-199.79732,656
1611,674157,-104.15613,220
1612,674309,-138.09766,152
1613,674773,-172.10574,464
1614,675357,-188.76727,584
1615,675511,-140.76999,154
1616,675705,-90.95299,194
1617,675938,-81.10708,233
1618,677584,-303.18924,1646
1619,679584,-198.32527,2000
1620,681584,-194.82625,2000
1621,681778,-102.376976,194
1622,682184,-125.22079,406
1623,682498,-104.31005,314
1624,682842,-90.13596,344
1625,683131,-104.48671,289
1626,683332,-84.28757,201
1627,683518,-102.1616,186
1628,683810,-109.75981,292
1629,683999,-93.487816,189
1630,685999,-183.96576,2000
1631,686323,-84.32497,324
1632,686509,-103.758354,186
1633,686698,-100.7895,189
1634,686988,-69.720215,290
1635,687367,-77.00719,379
1636,687524,-92.12043,157
1637,689524,-196.24178,2000
1638,689723,-91.54323,199
1639,690026,-105.630646,303
1640,690746,-110.79014,720
1641,691510,-99.38717,764
1642,693510,-137.97517,2000
1643,693896,-106.851326,386
1644,694204,-93.08649,308
1645,694517,-105.00829,313
1646,696517,-161.11847,2000
1647,696995,-117.91083,478
1648,697178,-105.7079,183
1649,697668,-128.55501,490
1650,698419,-95.87002,751
1651,698522,-116.975464,103
1652,698735,-126.70241,213
1653,700735,-198.05492,2000
1654,701073,-110.28523,338
1655,701277,-101.58485,204
1656,701425,-105.919205,148
1657,701597,-108.32005,172
1658,701731,-126.4708,134
1659,701968,-106.379425,237
1660,702194,-108.00559,226
1661,702325,-113.50812,131
1662,702547,-106.99053,222
1663,702765,-116.54021,218
1664,702963,-117.675995,198
1665,703158,-114.15899,195
1666,703288,-103.138275,130
1667,703427,-105.48262,139
1668,703533,-108.37262,106
1669,703670,-98.40402,137
1670,703823,-105.80853,153
1671,704056,-107.50496,233
1672,704161,-111.54315,105
1673,704317,-98.79442,156
1674,704468,-105.48438,151
1675,704758,-113.47925,290
1676,704933,-104.55846,175
1677,705052,-106.26775,119
1678,705315,-77.554985,263
1679,705446,-93.4448,131
1680,706180,-98.06961,734
1681,706486,-113.273766,306
1682,706917,-101.453415,431
1683,707371,-105.290565,454
1684,707649,-109.84023,278
1685,708178,-87.90604,529
1686,708467,-99.95571,289
1687,708740,-111.12241,273
1688,710740,-174.42963,2000
1689,711030,-110.0067,290
1690,711228,-84.9482,198
1691,711361,-99.74091,133
1692,711674,-92.69805,313
1693,713674,-128.70363,2000
1694,715674,-152.65378,2000
1695,715901,-109.82214,227
1696,716080,-108.476776,179
1697,718080,-170.24512,2000
1698,720080,-185.8811,2000
1699,720358,-101.189514,278
1700,720614,-90.232834,256
1701,720710,-105.23755,96
1702,720859,-103.115845,149
1703,722859,-190.65782,2000
1704,723189,-156.31114,330
1705,723624,-108.709175,435
1706,724597,-147.39742,973
1707,724899,-113.39043,302
1708,725201,-133.21158,302
1709,725858,-151.10664,657
1710,726382,-132.5666,524
1711,726441,-116.96824,59
1712,726632,-113.84927,191
1713,726685,-118.03253,53
1714,727159,-125.84848,474
1715,727412,-114.82207,253
1716,728733,-201.18695,1321
1717,728977,-122.589935,244
1718,729237,-101.16843,260
1719,729679,-160.3818,442
1720,730088,-118.313484,409
1721,730408,-144.30339,320
1722,730463,-101.22619,55
1723,730870,-126.38077,407
1724,731138,-110.6665,268
1725,731652,-176.33432,514
1726,732179,-136.71156,527
1727,732902,-205.39954,723
1728,733535,-144.93591,633
1729,734159,-52.396435,624
1730,736159,-192.17322,2000
1731,738159,-188.99428,2000
1732,738477,-112.805214,318
1733,738934,-120.32657,457
1734,740934,-147.31084,2000
1735,742934,-205.99135,2000
1736,743128,-80.8385,194
1737,745128,-195.16951,2000
1738,745341,-107.79378,213
1739,746007,-80.13946,666
1740,746321,-110.025154,314
1741,746445,-110.98196,124
1742,746625,-91.436516,180
1743,747126,-51.225086,501
1744,747862,-165.38309,736
1745,748123,-90.63012,261
1746,748311,-93.86047,188
1747,748594,-98.582115,283
1748,748918,-123.23424,324
1749,749038,-120.87261,120
1750,751038,-183.7511,2000
1751,751322,-93.05676,284
1752,751891,-139.87123,569
1753,752302,-94.075096,411
1754,754302,-90.60763,2000
1755,754666,-114.31625,364
1756,754725,-120.140594,59
1757,755012,-102.82288,287
1758,755177,-92.17881,165
1759,756400,-212.23962,1223
1760,758400,-126.53676,2000
1761,758623,-106.80168,223
1762,758842,-93.80626,219
1763,759059,-110.599,217
1764,759622,-130.12695,563
1765,760599,-179.79492,977
1766,760843,-114.68338,244
1767,762843,-163.40825,2000
1768,763094,-112.84301,251
1769,763453,-81.20332,359
1770,764166,-68.46678,713
1771,765619,-107.34084,1453
1772,766147,-138.66177,528
1773,766854,-114.61141,707
1774,767044,-97.361244,190
1775,768571,-225.53928,1527
1776,769257,-113.48227,686
1777,769740,-112.18225,483
1778,769942,-111.00122,202
1779,770411,-130.8446,469
1780,770608,-103.86952,197
1781,770851,-102.43091,243
1782,772851,-177.1302,2000
1783,772972,-99.00291,121
1784,773181,-106.31902,209
1785,773797,-69.635315,616
1786,775797,-173.28203,2000
1787,776049,-101.612404,252
1788,776443,-143.2601,394
1789,776769,-123.447624,326
1790,776992,-92.97572,223
1791,777144,-102.46217,152
1792,777559,-110.53406,415
1793,777768,-105.127106,209
1794,778344,-144.70598,576
1795,778611,-99.28954,267
1796,778887,-101.25079,276
1797,779193,-114.36768,306
1798,779294,-117.69347,101
1799,779478,-112.11096,184
1800,779939,-103.43477,461
1801,781939,-85.88247,2000
1802,782502,-94.84845,563
1803,783391,-125.30696,889
1804,783744,-125.09325,353
1805,784224,-108.76268,480
1806,784713,-125.85337,489
1807,785081,-110.0893,368
1808,785635,-105.95556,554
1809,786912,-91.27673,1277
1810,787150,-95.82487,238
1811,787367,-118.60407,217
1812,787483,-113.67537,116
1813,787849,-87.42735,366
1814,787980,-108.51414,131
1815,788252,-109.40026,272
1816,788627,-108.00937,375
1817,789091,-134.84912,464
1818,789549,-116.46795,458
1819,790083,-94.9844,534
1820,792083,-134.32451,2000
1821,792350,-91.98602,267
1822,792800,-133.69095,450
1823,794800,-178.41748,2000
1824,795222,-98.87423,422
1825,795394,-92.96638,172
1826,795581,-101.65524,187
1827,795883,-93.60159,302
1828,797883,-140.88028,2000
1829,798096,-102.163994,213
1830,798755,-135.894,659
1831,798920,-97.01028,165
1832,800920,-131.48244,2000
1833,801269,-120.33952,349
1834,803102,-278.16266,1833
1835,803429,-123.89395,327
1836,803970,-135.67908,541
1837,804424,-119.718285,454
1838,804772,-127.7165,348
1839,805031,-110.90169,259
1840,807031,-150.48885,2000
1841,807405,-124.23925,374
1842,808176,-126.11409,771
1843,808592,-138.6618,416
1844,810592,-173.31064,2000
1845,810857,-65.62911,265
1846,812857,-144.27954,2000
1847,813773,-177.30011,916
1848,814092,-101.66675,319
1849,814339,-102.46633,247
1850,816339,-136.09421,2000
1851,816731,-128.31303,392
1852,817059,-117.55442,328
1853,818021,-143.30438,962
1854,820021,-191.80602,2000
1855,822021,-198.06396,2000
1856,822375,-105.65588,354
1857,822806,-115.33916,431
1858,823047,-121.445755,241
1859,823232,-110.98105,185
1860,823346,-117.8858,114
1861,823478,-96.84614,132
1862,824591,-213.93353,1113
1863,826576,-182.36932,1985
1864,826710,-122.85363,134
1865,827252,-90.020256,542
1866,827348,-130.97252,96
1867,827410,-112.941696,62
1868,827491,-114.151344,81
1869,828642,-181.11726,1151
1870,828765,-118.045006,123
1871,830043,-209.30673,1278
1872,832043,-134.87814,2000
1873,832210,-104.225174,167
1874,832910,-60.269356,700
1875,832956,-122.98143,46
1876,833010,-120.99532,54
1877,833206,-104.53566,196
1878,833874,-151.1191,668
1879,833933,-120.65126,59
1880,834004,-121.60083,71
1881,834188,-73.02614,184
1882,834346,-86.13841,158
1883,834429,-96.872574,83
1884,834559,-82.25036,130
1885,836559,-195.43263,2000
1886,836659,-111.15026,100
1887,836848,-136.04266,189
1888,837169,-132.47467,321
1889,837913,-164.43503,744
1890,839017,-206.63132,1104
1891,839184,-101.95359,167
1892,839382,-106.15496,198
1893,839549,-90.393814,167
1894,841549,-171.95241,2000
1895,841704,-96.1131,155
1896,841860,-92.91418,156
1897,842058,-104.36622,198
1898,842209,-96.52103,151
1899,842381,-94.294525,172
1900,842556,-104.7544,175
1901,842688,-95.833015,132
1902,842848,-104.635635,160
1903,843104,-77.731674,256
1904,844605,-163.0552,1501
1905,844805,-90.90644,200
1906,845169,-117.22651,364
1907,845393,-104.263535,224
1908,845679,-109.52575,286
1909,846291,-87.830124,612
1910,848291,-161.73724,2000
1911,848628,-83.131355,337
1912,849254,-107.877884,626
1913,849681,-139.49147,427
1914,850170,-153.1373,489
1915,850562,-108.2082,392
1916,850742,-101.85596,180
1917,851037,-119.714775,295
1918,851222,-87.94705,185
1919,851977,-60.31217,755
1920,853977,-192.89806,2000
1921,854190,-118.03137,213
1922,855192,-186.46265,1002
1923,855381,-97.752106,189
1924,855548,-81.29799,167
1925,855878,-117.77063,330
1926,856020,-96.03277,142
1927,856309,-102.555405,289
1928,856713,-43.25819,404
1929,856978,-81.83503,265
1930,857025,-124.78639,47
1931,859025,-210.45198,2000
1932,861025,-155.80394,2000
1933,861910,-130.35408,885
1934,862879,-130.64891,969
1935,863880,-101.66087,1001
1936,864060,-83.894966,180
1937,864253,-76.99773,193
1938,864461,-96.30485,208
1939,864683,-98.41243,222
1940,864887,-93.00811,204
1941,865065,-90.48088,178
1942,865757,-158.06894,692
1943,867757,-88.57397,2000
1944,867979,-100.65711,222
1945,868340,-66.60959,361
1946,868524,-120.8057,184
1947,868940,-59.12722,416
1948,869015,-106.56808,75
1949,869619,-152.07185,604
1950,869994,-78.48288,375
1951,870229,-102.91319,235
1952,870410,-105.89428,181
1953,872410,-180.33994,2000
1954,873324,-102.58868,914
1955,874333,-206.53137,1009
1956,876333,-198.76521,2000
1957,878333,-179.47513,2000
1958,880333,-196.15842,2000
1959,880761,-129.01083,428
1960,881838,-138.23326,1077
1961,882479,-156.85603,641
1962,882639,-110.03295,160
1963,883139,-132.67589,500
1964,885139,-196.03532,2000
1965,887139,-176.55948,2000
1966,889139,-194.25911,2000
1967,889456,-119.89595,317
1968,890081,-74.83381,625
1969,891086,-182.30994,1005
1970,891418,-130.15427,332
1971,893418,-170.46024,2000
1972,895418,-194.08615,2000
1973,897418,-197.79547,2000
1974,899418,-200.21959,2000
1975,899632,-127.37341,214
1976,899998,-90.90379,366
1977,900299,-103.89784,301
1978,900620,-123.67097,321
1979,900905,-122.185715,285
1980,901436,-151.02338,531
1981,903436,-200.2671,2000
1982,904995,-218.53882,1559
1983,905383,-105.60716,388
1984,906708,-197.87976,1325
1985,906847,-108.29636,139
1986,907282,-137.84274,435
1987,907624,-106.31877,342
1988,907844,-111.03719,220
1989,908132,-123.498024,288
1990,908335,-134.65567,203
1991,908584,-96.44724,249
1992,910584,-183.09894,2000
1993,910966,-96.94792,382
1994,911899,-170.57278,933
1995,912240,-83.71912,341
1996,912451,-101.449486,211
1997,913128,-113.91049,677
1998,913607,-123.11827,479
1999,913864,-87.96529,257
2000,915864,-198.5976,2000
2001,917864,-194.00877,2000
2002,919864,-172.54095,2000
2003,920230,-119.16345,366
2004,921137,-140.15106,907
2005,923137,-151.38284,2000
2006,923332,-104.03125,195
2007,923559,-130.9305,227
2008,923871,-115.17337,312
2009,924735,-161.35104,864
2010,924850,-111.13581,115
2011,925392,-133.73914,542
2012,925586,-106.79844,194
2013,927586,-172.73364,2000
2014,927874,-103.483246,288
2015,928239,-124.60515,365
2016,928483,-106.19419,244
2017,928846,-125.23864,363
2018,929068,-108.23491,222
2019,930154,-193.74931,1086
2020,930600,-152.48997,446
2021,931092,-123.219734,492
2022,931634,-135.3263,542
2023,931925,-113.934525,291
2024,932157,-147.1315,232
2025,932290,-127.696884,133
2026,932877,-143.55522,587
2027,933154,-113.28628,277
2028,933900,-151.33978,746
2029,934287,-133.83531,387
2030,934470,-107.89167,183
2031,936470,-202.74847,2000
2032,938470,-177.16115,2000
2033,938645,-120.32769,175
2034,938727,-113.76653,82
2035,940727,-228.23335,2000
2036,940816,-114.62123,89
2037,940994,-106.77376,178
2038,941277,-130.61674,283
2039,941576,-115.79524,299
2040,942103,-127.45246,527
2041,942834,-146.67212,731
2042,944239,-229.34398,1405
2043,944549,-123.03428,310
2044,944785,-102.25434,236
2045,944885,-114.93614,100
2046,946885,-175.78035,2000
2047,948885,-207.51013,2000
2048,949217,-69.26199,332
2049,951217,-170.28412,2000
2050,951508,-114.45786,291
2051,951803,-109.76546,295
2052,952124,-95.18281,321
2053,954124,-150.74438,2000
2054,956124,-186.14838,2000
2055,957063,-22.741646,939
2056,957240,-102.479004,177
2057,957687,-85.90508,447
2058,958011,-113.341354,324
2059,960011,-174.06172,2000
2060,961151,-192.53186,1140
2061,961474,-71.089264,323
2062,961903,-128.60742,429
2063,962680,-20.838501,777
2064,962906,-96.889465,226
2065,964906,-119.49877,2000
2066,966906,-157.58897,2000
2067,967038,-98.18264,132
2068,967541,-130.67558,503
2069,967716,-104.09178,175
2070,967949,-133.93465,233
2071,968834,-201.09291,885
2072,969030,-107.06741,196
2073,971030,-153.19698,2000
2074,971308,-83.56152,278
2075,971440,-116.67069,132
2076,973440,-169.30992,2000
2077,975440,-211.9557,2000
2078,977440,-173.4621,2000
2079,978342,-177.45343,902
2080,978485,-106.052704,143
2081,978609,-107.2734,124
2082,978840,-108.78263,231
2083,980682,-235.8731,1842
2084,982073,-271.4241,1391
2085,984073,-143.33185,2000
2086,984665,-176.3298,592
2087,985956,-259.2605,1291
2088,986429,-135.19893,473
2089,988429,-183.1633,2000
2090,988746,-142.19386,317
2091,989774,-89.82778,1028
2092,991000,-163.55577,1226
2093,991220,-121.948265,220
2094,991755,-133.02321,535
2095,992137,-113.39038,382
2096,992442,-103.828415,305
2097,992769,-59.34427,327
2098,992856,-101.65163,87
2099,992945,-98.71422,89
2100,993699,-146.14447,754
2101,994010,-78.58947,311
2102,994181,-97.282974,171
2103,994320,-91.477615,139
2104,994729,-79.53891,409
2105,996729,-173.5503,2000
2106,997515,-173.10751,786
2107,999515,-171.91072,2000
2108,999685,-93.593376,170
2109,999870,-102.93437,185
